500 100 10
82 69 24 18 90 69 46 49 44 89 14 34 58 22 30 16 94 90 75 88 49 25 60 63 42 14 63 52 27 61 48 57 19 70 71 66 34 80 87 12 39 53 31 70 38 90 75 87 65 80 82 10 42 66 48 20 47 13 72 53 54 42 80 51 33 87 40 54 28 77 66 38 70 86 28 43 90 96 86 52 38 48 52 51 27 71 19 32 26 56 56 99 68 73 69 76 50 35 49 55 49 64 65 86 81 95 83 87 36 63 17 72 91 94 91 91 50 18 74 89 78 43 21 29 88 92 27 41 15 10 26 91 88 29 22 72 75 46 39 83 96 32 18 17 92 40 79 24 76 29 38 54 98 82 49 73 35 38 66 78 10 55 67 50 43 30 84 50 98 100 70 79 100 57 71 33 11 20 36 72 16 36 77 59 75 18 55 80 20 46 23 31 14 37 98 12 71 15 13 81 93 11 88 30 80 38 81 55 69 13 85 17 46 22 42 65 51 14 80 46 78 100 94 47 80 48 34 94 52 51 27 72 85 26 53 67 25 73 20 34 43 57 94 39 65 40 17 77 90 88 39 60 55 26 15 46 62 47 13 35 18 42 63 59 63 94 16 61 98 71 31 80 27 25 84 59 18 50 31 68 98 97 55 40 65 85 74 19 89 31 100 56 100 28 79 12 80 78 33 13 81 52 70 26 67 59 42 55 12 99 79 28 26 18 63 18 32 80 23 80 54 100 62 81 13 33 44 91 74 95 84 15 20 20 97 100 86 28 54 30 57 93 47 13 91 52 64 55 41 95 36 34 48 39 34 67 64 76 78 37 90 12 75 30 55 89 20 61 100 16 66 66 70 45 97 83 75 16 95 94 80 85 22 18 20 48 87 75 93 91 38 51 81 98 27 56 19 32 15 36 10 28 28 89 93 54 49 32 69 24 74 50 11 35 46 18 93 63 61 50 30 12 39 16 87 15 73 25 78 47 94 10 46 86 74 19 40 22 96 36 20 54 12 24 61 56 84 17 22 67 93 11 40 37 87 68 82 54 93 32 51 59 22 87 25 98 87 90 96 94 61 94 36 40 18 24 34 49 74 64 80 69 58 46 75 71 31 48 60 30 31 73 72 83 50 37 64 70 16 99
2 8 5
205 232
7 3 1
205 389 357 304 355 107 176
5 9 4
481 246 38 444 247
3 9 1
136 33 234
5 4 4
450 363 469 71 406
9 2 2
464 54 494 16 383 147 363 457 274
4 6 1
499 1 183 373
5 7 3
84 283 119 268 94
8 7 1
375 9 203 420 389 261 421 320
7 1 4
317 471 277 319 184 138 482
6 9 4
336 356 496 89 4 271
5 3 2
156 133 233 84 67
10 10 1
172 285 459 327 115 180 360 446 202 208
4 10 1
287 234 142 211
4 5 2
261 306 452 185
10 9 3
67 163 24 431 17 484 184 66 396 495
4 2 5
54 233 221 330
8 6 3
455 91 481 269 243 394 120 338
7 2 3
344 197 56 113 482 495 2
5 10 4
348 493 324 104 462
8 8 4
489 22 421 481 145 262 251 199
4 4 2
126 53 498 5
6 7 3
292 173 300 384 154 68
5 4 5
211 121 467 378 393
3 5 3
180 476 119
10 7 1
454 220 221 96 264 148 301 296 383 495
5 3 5
400 211 238 209 66
9 5 3
247 186 244 13 43 419 30 3 470
2 8 3
455 323
6 5 4
378 473 234 241 386 43
7 1 2
185 51 55 130 415 104 72
3 9 4
364 459 327
6 2 5
69 38 257 208 460 498
3 2 1
260 397 106
9 9 1
224 400 336 153 120 367 288 61 163
10 10 1
225 9 62 201 17 54 347 329 308 426
10 10 1
478 196 315 204 8 98 314 243 165 425
10 1 4
391 78 422 341 494 99 356 149 69 267
7 5 2
153 45 495 36 280 219 468
5 3 1
114 120 280 125 288
9 3 5
246 412 188 312 162 185 218 17 21
3 1 3
495 183 446
7 1 5
238 66 344 201 121 261 451
10 7 5
497 110 304 320 71 498 218 129 245 181
4 4 1
268 353 210 26
2 2 1
63 8
5 10 3
330 66 242 126 235
5 9 2
80 118 298 206 219
4 1 5
125 45 468 145
9 7 1
73 455 3 180 327 174 328 165 130
10 2 3
382 229 365 331 267 90 17 396 121 412
4 1 3
351 483 430 215
2 3 5
356 85
2 2 4
337 331
4 6 2
286 72 80 89
10 5 1
194 45 102 168 425 329 127 68 89 56
8 3 4
102 111 166 427 433 413 245 260
6 9 1
213 294 443 400 300 426
2 9 2
217 493
10 2 2
178 257 48 297 151 225 296 328 43 199
5 7 3
269 322 183 393 383
6 2 2
461 76 163 34 274 211
7 7 3
307 241 94 259 313 444 41
5 10 3
165 97 254 347 372
7 4 2
227 94 206 160 101 414 336
9 10 4
53 122 471 466 404 336 374 39 71
2 7 5
233 242
10 2 1
471 57 193 382 468 326 469 170 58 133
6 8 2
443 319 21 484 64 142
6 7 4
203 365 378 475 417 424
4 5 3
429 403 79 7
9 8 5
195 303 412 219 269 37 272 296 256
7 4 4
124 322 181 218 415 416 476
2 2 5
99 440
5 7 5
423 143 493 19 431
6 7 5
102 13 340 120 39 247
7 9 3
168 53 412 123 460 417 277
4 4 1
215 130 226 180
5 9 4
364 307 236 46 295
10 1 1
250 312 214 121 204 135 182 429 263 485
4 10 1
205 217 179 126
3 5 1
154 429 459
10 1 3
245 32 36 186 8 345 406 2 195 151
4 5 1
233 214 3 18
9 3 4
83 433 266 121 322 346 401 348 172
6 10 3
124 176 90 407 346 268
5 2 5
458 287 297 144 14
7 3 3
192 401 260 113 76 228 426
7 3 5
170 249 290 251 54 248 303
5 8 4
493 102 353 450 252
6 7 1
481 467 230 193 78 457
5 8 5
261 141 85 145 251
9 5 4
268 385 310 47 59 339 195 210 153
3 2 1
38 207 5
6 1 3
319 203 338 194 485 114
2 2 4
171 444
2 5 3
332 221
8 7 1
419 7 402 97 465 44 490 73
5 2 5
99 160 368 144 430
7 8 2
405 434 323 260 165 120 63