31 60 10
1 2 3 6 5 4 2 4 6 10 11 12 13 1 2 3 1 8 6 12 11 3 5 2 2 2 4 5 2 1 2
5 2 2
0 1 2 3 4
4 3 1
0 2 3 5
3 2 2
0 6 7
4 2 1
8 10 15 9
5 4 3
11 16 12 13 14
6 2 1
0 1 2 3 4 5
9 2 1
0 6 7 8 9 10 11 12 13
7 2 1
14 15 16 17 18 19 20
8 2 1
14 21 22 23 24 25 26 27
9 2 1
28 29 30 11 2 3 4 5 16
6 2 1
28 30 28 19 10 1
11 2 1
4 3 8 5 6 7 18 29 20 21 12
4 2 1
22 13 14 25
4 2 1
10 11 30
3 2 1
13 20 11
8 2 1
10 11 2 3 4 5 0
6 2 1
0 8 9 5 1 2
7 2 1
6 5 4 0 7 8 9
8 2 1
3 0 1 2 7 4 17 26
0 2 1
7 8 9 0 11
9 2 1
17 22 23 14 8 6 7 18 29
7 2 1
0 1 2 3 4 9 26
8 2 1
0 7 8 9 10 6 2 6
6 2 1
4 10 0 6 7 8
8 2 1
4 29 10 11 12 13 14 1
8 2 1
16 17 18 19 20 21 22 23
7 2 1
16 24 2 26 27 28 29
9 2 1
30 1 2 3 4 13 6 7 8
6 2 1
0 9 4 1 2 3
7 2 1
4 14 6 7 8 9 0
23 1 1
26 27 8 18 19 21 6 0 22 5 23 7 9 16 14 11 20 24 25 4 17 12 10
28 7 3
18 19 5 2 7 1 14 26 24 6 12 25 13 9 29 4 17 22 28 21 10 15 11 20 3 23 27 0
24 7 3
5 15 2 21 6 24 26 11 19 0 8 13 12 7 18 9 16 4 1 22 10 28 3 17
19 4 3
28 22 17 5 21 18 3 26 2 8 24 16 6 15 7 12 20 25 29
10 6 2
28 27 22 19 13 5 6 26 12 10
24 3 1
16 14 15 0 8 7 4 6 21 1 11 26 24 17 20 9 3 28 13 19 23 10 18 12
24 1 3
26 15 24 29 7 2 16 9 28 17 25 10 18 23 20 21 0 12 3 8 13 27 6 5
11 7 2
17 16 24 19 21 15 14 25 13 5 0
25 1 1
13 16 9 28 15 24 1 12 8 19 6 11 25 5 18 17 0 21 23 4 26 10 2 3 20
29 6 3
26 18 25 22 24 27 5 23 11 21 20 10 19 15 29 8 16 3 12 14 9 7 13 1 4 28 2 6 0
23 5 2
6 27 17 21 0 20 28 29 18 25 12 8 15 14 24 2 3 22 1 16 11 7 26
9 4 3
15 20 23 12 22 10 27 19 11
26 5 1
22 27 20 24 3 21 2 26 17 13 11 1 9 28 23 19 14 18 8 16 5 29 10 4 12 25
21 2 1
15 25 3 26 21 5 12 18 8 7 0 19 9 28 13 10 17 6 29 11 4
24 3 3
9 12 23 15 3 19 6 16 5 26 21 11 22 29 8 17 0 10 2 13 28 1 25 18
26 3 1
16 7 29 11 5 22 26 19 1 13 3 9 23 28 24 10 4 25 6 14 18 17 21 15 27 2
5 4 1
15 4 21 0 26
22 3 1
8 17 1 18 6 15 10 21 12 29 11 27 22 13 16 26 24 19 3 5 28 20
28 3 3
24 8 9 6 4 25 17 18 28 7 12 15 1 5 19 11 21 13 29 16 0 14 23 22 26 20 3 27
22 7 2
10 23 13 2 19 5 9 12 21 0 22 1 3 4 28 24 26 18 27 15 11 25
5 5 1
12 5 24 21 11
9 1 1
18 21 17 3 23 6 10 24 5
14 7 2
19 25 22 20 12 14 16 7 0 6 5 21 26 23
21 5 3
6 11 3 29 19 0 14 9 13 27 23 18 20 1 17 2 8 15 25 21 5
16 7 1
18 24 23 13 14 0 26 27 7 2 15 29 5 16 4 11
27 1 3
21 13 5 19 20 24 10 25 12 7 8 0 27 6 1 18 14 28 17 9 3 29 2 4 11 16 26
21 2 3
0 24 25 26 11 23 27 16 21 20 2 29 5 4 7 9 1 17 3 10 19
14 7 3
0 26 27 22 23 4 6 16 2 17 9 12 1 3
7 6 2
5 7 17 13 2 19 6
7 3 3
10 1 26 9 27 21 16