1000 200 30
59 68 90 85 72 66 33 20 27 97 42 81 15 25 30 79 45 74 30 84 34 71 51 52 25 28 80 96 26 70 35 50 54 93 46 20 73 13 68 83 42 65 62 40 89 56 12 89 51 89 23 61 10 35 75 31 12 36 68 30 59 19 73 23 87 31 66 73 27 44 86 67 14 69 89 58 17 58 29 19 59 15 99 94 48 93 89 56 93 92 45 25 58 34 15 87 71 95 52 29 77 98 64 65 85 88 11 88 43 96 83 89 40 74 29 74 44 13 50 20 68 55 50 16 66 19 24 92 83 78 83 86 11 80 42 38 74 31 20 57 37 75 92 53 18 43 88 55 96 58 33 12 80 42 96 49 99 92 11 23 16 45 86 67 13 80 95 48 57 66 60 54 11 31 31 76 25 14 18 75 75 74 37 95 61 16 79 25 53 33 23 48 98 29 62 27 87 26 51 71 20 80 47 85 95 40 88 52 79 70 99 37 68 57 21 59 91 77 35 66 78 78 59 37 86 40 95 92 37 41 86 92 73 13 38 78 24 12 54 97 61 89 23 21 48 88 55 60 48 55 62 62 43 43 19 44 56 32 61 98 17 45 77 98 81 16 60 23 71 87 80 67 12 56 48 23 27 68 14 94 64 45 94 56 40 91 77 14 31 95 71 42 43 10 97 37 64 65 53 48 57 49 49 25 65 69 22 40 33 15 40 86 48 97 59 27 45 32 48 76 75 48 40 38 49 85 53 26 97 93 94 74 87 61 23 98 91 11 90 44 21 25 44 81 88 37 14 78 74 11 36 55 48 53 98 33 45 21 36 24 68 26 82 46 40 10 14 52 75 26 78 25 81 23 31 33 75 17 89 99 53 75 68 22 66 43 63 30 29 79 90 26 61 74 29 58 70 19 50 27 46 30 59 38 18 74 31 23 84 97 35 60 32 12 70 41 45 85 88 59 15 62 24 22 83 34 10 49 44 76 50 83 72 21 54 13 36 99 35 77 96 12 80 11 76 92 66 47 48 82 11 11 45 45 46 12 15 45 48 98 35 87 51 35 55 12 80 37 29 19 14 22 49 23 67 84 100 97 83 55 89 35 39 61 47 80 23 64 92 51 64 38 69 83 79 42 93 89 98 47 46 35 41 42 87 90 29 19 45 76 92 44 78 46 49 21 59 49 76 96 13 68 48 80 54 31 50 62 23 46 22 77 28 20 36 90 100 78 88 60 68 12 75 44 83 19 74 18 78 38 39 77 46 54 44 56 43 61 100 64 53 77 29 85 64 77 35 78 79 61 17 15 66 62 74 12 100 49 72 54 13 98 57 90 95 32 81 78 79 96 24 55 58 48 59 67 37 72 51 84 33 95 57 10 63 51 30 61 29 95 36 35 27 71 33 83 54 70 61 81 18 94 98 44 15 56 13 94 33 15 97 10 30 88 33 15 43 20 91 17 35 45 62 59 94 53 61 49 73 93 35 57 74 92 63 66 51 55 17 62 95 11 82 93 18 49 60 22 71 70 85 58 32 45 30 51 31 31 12 74 40 34 62 37 96 85 37 28 59 39 25 68 63 38 13 34 65 46 25 32 59 98 63 79 10 86 86 34 98 16 97 40 98 35 28 21 49 14 98 37 89 12 62 88 82 43 67 42 63 44 59 98 91 27 84 28 86 44 77 58 71 16 85 52 64 14 53 21 82 40 85 43 92 100 75 65 38 47 35 52 29 41 44 13 35 78 78 11 69 76 32 69 18 33 63 37 68 94 41 71 38 10 92 69 46 35 52 90 60 61 88 17 75 27 72 60 19 73 95 97 64 55 90 33 81 23 95 70 89 24 46 35 94 49 69 12 54 32 96 97 76 72 91 54 91 18 14 39 52 47 71 11 66 84 83 59 45 53 55 66 50 66 69 78 92 34 18 63 15 40 69 36 19 93 35 81 60 49 69 11 46 65 15 52 44 99 98 39 21 92 82 38 87 75 72 75 26 26 33 96 17 22 43 73 90 62 52 17 74 50 84 19 72 22 96 94 65 44 56 61 17 56 76 16 41 26 98 53 22 52 39 86 49 56 30 50 50 71 20 96 46 57 82 68 55 73 27 74 65 41 10 25 40 29 69 49 37 30 10 75 34 65 64 28 49 22 65 90 13 68 38 76 83 70 12 27 88 93 90 14 91 37 25 81 81 29 63 53 78 72 78 90 23 83 83 26 77 71 51 25 40 60 33 73 89 89 96 13 73 34 28 76 46 17 11 44 50 73 35 94
18 4 5
369 915 22 636 650 313 573 454 32 526 143 289 455 796 269 576 818 750
18 10 4
54 328 436 547 298 526 889 929 798 483 746 65 487 583 702 662 814 68
28 10 5
556 740 120 875 178 150 409 233 471 961 894 483 307 358 927 732 16 723 97 118 845 272 594 675 809 259 738 716
14 9 5
982 625 571 538 416 919 648 16 347 684 675 60 21 681
25 4 4
280 714 580 136 978 854 890 696 689 468 196 988 941 951 568 640 234 303 536 132 382 917 659 431 966
23 7 5
3 649 650 84 661 967 48 639 675 149 41 822 689 389 458 357 611 932 404 917 330 626 340
15 9 2
946 747 549 10 515 304 454 333 966 189 373 147 937 345 375
8 5 4
110 695 732 476 556 40 966 728
26 3 5
489 366 926 403 816 827 658 778 254 801 218 750 803 945 146 726 779 223 298 766 936 704 911 590 258 853
7 3 1
134 813 76 435 237 176 281
13 3 3
96 613 826 772 650 307 620 608 82 905 968 532 552
6 2 4
963 969 576 787 947 67
18 9 1
852 293 335 938 182 331 156 224 412 918 339 46 970 961 654 79 659 34
15 6 3
434 859 368 889 106 575 309 863 212 30 54 237 885 896 51
29 7 3
33 414 19 104 427 237 127 866 845 341 156 200 595 322 283 698 873 138 417 274 802 0 929 860 36 604 474 663 137
9 4 4
127 386 874 873 799 782 393 885 857
17 10 1
594 411 291 372 576 327 811 997 721 881 36 405 972 722 198 556 385
22 7 2
557 619 693 222 923 102 862 969 986 160 624 864 156 257 456 427 892 239 807 376 771 609
31 1 5
371 965 412 624 973 719 571 667 733 700 93 735 364 706 201 43 851 914 372 161 564 224 528 549 183 38 461 18 370 204 691
23 8 4
355 9 385 290 256 679 857 753 418 163 937 735 823 19 849 47 851 18 505 549 584 493 885
28 5 2
548 920 185 781 705 197 598 90 752 992 977 190 531 559 608 529 307 373 495 366 792 535 768 221 629 813 728 967
24 9 3
740 38 457 834 361 799 992 958 204 178 987 577 939 207 660 942 714 894 56 514 250 505 860 739
31 4 2
993 234 582 481 877 225 443 217 622 694 704 127 865 672 11 526 966 744 42 18 987 153 360 22 49 393 368 818 585 639 592
11 6 3
777 978 99 947 838 633 730 173 320 846 585
9 2 1
134 439 546 575 50 419 136 361 404
14 8 3
877 822 709 965 239 335 624 705 394 364 62 573 503 472
20 4 2
947 922 12 812 624 851 426 427 893 277 861 610 183 402 13 425 750 2 896 5
17 10 3
514 886 539 460 876 69 82 263 201 996 743 523 292 296 894 655 280
5 2 1
846 302 3 514 801
6 5 5
593 755 608 440 638 338
21 10 5
923 435 842 288 109 331 49 712 117 387 947 422 444 778 227 34 738 50 535 730 481
22 4 2
730 220 666 740 715 16 724 138 645 732 473 864 437 845 587 874 667 877 948 626 700 787
28 9 2
654 904 146 778 133 870 679 43 326 543 484 26 690 523 849 581 7 353 170 876 384 202 236 818 215 401 899 939
28 9 3
143 746 385 882 789 988 228 572 958 872 701 552 833 200 353 65 221 372 433 669 10 778 913 742 268 169 60 807
18 4 2
122 592 257 153 565 93 353 964 348 192 572 606 435 496 948 262 854 116
15 9 5
434 563 749 968 295 223 780 649 977 503 37 302 988 919 804
18 9 1
982 478 790 65 881 847 386 795 318 344 661 244 678 93 679 958 653 787
15 5 3
823 315 676 16 46 831 75 155 32 64 745 557 43 889 79
5 1 4
719 195 991 216 584
3 3 2
635 645 846
21 9 4
464 154 794 938 859 968 956 712 314 680 84 128 385 505 131 152 30 778 335 832 810
29 3 3
966 520 896 143 84 164 747 521 16 869 942 652 207 102 879 308 825 486 295 720 427 97 274 339 602 196 132 536 745
31 4 5
761 866 718 534 293 54 292 16 594 305 892 525 847 108 371 748 842 831 890 174 138 563 802 964 355 220 346 353 877 423 77
16 1 3
626 933 205 228 829 748 508 745 823 449 193 270 354 170 44 36
23 10 4
440 811 551 736 331 781 108 67 250 15 851 955 155 349 965 487 300 251 120 272 357 288 655
6 5 4
851 178 227 884 619 630
24 4 5
880 402 994 986 777 788 22 147 869 974 705 146 538 700 510 353 31 250 698 412 663 229 416 305
28 2 5
470 341 184 837 900 65 598 924 146 465 42 63 102 376 685 22 569 291 823 602 844 318 382 16 209 3 618 850
19 9 4
541 845 173 32 825 574 330 87 350 536 37 449 131 525 282 551 958 732 91
19 4 3
460 613 865 970 689 134 437 995 277 443 562 826 172 750 423 95 251 657 267
13 3 4
315 232 639 964 797 466 260 694 57 748 765 111 387
11 10 2
873 33 477 430 796 406 324 483 633 644 175
7 5 2
457 783 66 156 201 382 535
21 1 3
969 683 168 995 315 589 700 2 24 145 962 130 537 664 81 297 100 165 511 55 39
20 6 2
343 945 115 78 325 660 274 320 975 365 787 443 125 255 578 415 453 23 183 613
31 6 2
777 58 678 797 586 131 146 578 479 108 225 939 447 743 406 949 460 474 171 830 416 257 874 934 557 768 638 390 998 875 914
15 7 1
161 111 246 187 202 393 195 363 923 9 472 210 910 636 944
3 8 3
918 187 285
7 6 5
721 687 296 446 151 737 1
6 5 1
415 173 54 148 417 21
5 5 2
223 755 207 33 872
30 8 1
966 305 58 960 36 509 866 869 26 10 418 736 931 263 356 112 266 189 16 659 889 129 572 216 890 93 157 538 310 53
28 1 1
46 533 331 99 162 903 706 9 399 309 741 472 553 758 192 124 131 171 260 665 118 531 388 461 631 871 308 813
30 3 5
853 111 369 724 497 40 58 276 548 115 592 179 272 610 246 839 114 832 644 927 876 889 500 716 518 365 873 108 825 308
28 3 5
750 998 566 191 628 205 228 433 976 323 364 105 341 281 985 247 874 280 16 383 672 21 647 30 541 587 537 411
8 6 2
772 82 439 852 78 633 885 447
15 4 4
750 354 533 294 439 213 974 211 805 435 995 747 421 32 784
6 7 5
611 344 9 986 306 164
21 6 4
646 959 55 468 722 625 284 632 542 202 809 743 268 774 864 436 104 15 599 491 712
12 10 2
74 402 194 927 301 917 995 570 969 961 620 585
13 3 3
491 918 522 372 962 368 519 81 364 205 51 422 511
26 2 3
705 68 564 69 690 659 741 595 74 66 987 301 11 41 827 330 344 255 785 149 829 904 514 113 579 132
23 7 1
950 849 779 837 98 311 95 611 595 894 363 64 690 574 229 19 822 118 777 506 880 956 435
27 10 1
987 586 567 845 447 685 693 656 862 334 821 857 70 266 233 202 692 113 674 893 968 811 461 66 448 206 340
23 3 2
466 456 732 299 138 933 665 532 131 144 285 860 691 632 156 349 546 567 71 364 232 284 660
21 8 4
710 963 648 323 165 366 140 49 777 430 980 31 951 668 119 896 945 865 231 992 401
22 2 1
531 793 927 694 602 203 803 281 401 291 726 108 743 990 570 70 597 279 615 163 712 814
6 5 1
706 703 486 284 95 350
16 8 3
867 997 612 571 856 179 442 586 824 814 684 165 465 137 413 332
3 4 2
247 651 744
9 9 2
244 842 328 259 752 634 832 466 667
18 8 4
161 857 673 672 176 611 244 137 37 508 835 5 513 447 114 12 900 8
9 8 5
855 689 553 78 439 864 800 889 147
21 10 2
829 223 760 516 171 962 569 828 196 269 934 509 323 533 84 54 463 549 534 586 715
14 5 5
489 105 488 260 311 814 904 79 896 78 57 682 812 876
3 2 2
433 191 912
29 10 4
130 453 509 505 374 563 617 79 162 196 818 879 748 426 384 541 589 193 963 965 973 362 169 372 52 34 489 661 466
25 8 3
875 419 269 631 325 350 459 46 916 45 751 850 879 775 362 712 539 371 15 689 177 822 124 535 847
14 8 4
338 742 480 611 506 212 659 260 610 433 195 407 266 903
29 3 3
699 996 398 355 328 157 473 397 315 509 701 186 685 767 676 152 129 599 716 13 251 943 749 330 918 117 199 801 945
8 2 5
735 507 288 305 785 282 593 24
24 1 4
498 802 374 542 965 622 548 568 299 156 638 579 922 468 246 411 698 62 575 755 738 387 917 635
27 8 3
465 127 94 305 301 33 363 291 741 611 245 138 444 368 476 148 807 412 751 451 636 724 902 652 967 867 965
24 10 4
921 616 791 57 463 261 995 115 641 24 618 617 594 127 300 650 533 395 537 318 862 184 39 724
16 9 3
93 955 76 686 19 486 500 169 576 356 332 747 577 175 325 110
4 6 4
121 412 238 919
3 5 4
748 136 834
18 1 2
813 941 449 118 20 46 141 191 998 143 223 417 990 802 280 122 662 842
29 8 2
460 156 675 704 269 124 674 938 735 168 162 864 496 245 83 384 883 821 399 512 685 371 671 87 516 382 281 958 442
30 3 3
950 51 171 166 83 0 677 101 12 951 34 917 986 857 552 566 222 934 388 996 999 919 389 835 791 459 340 202 488 142
24 8 5
814 669 89 545 911 60 361 234 670 490 15 683 401 170 139 121 819 866 470 575 355 92 372 209
3 5 2
305 738 367
30 9 1
469 769 420 398 165 38 936 474 572 701 579 855 330 120 824 326 849 445 613 357 826 366 32 828 7 434 388 163 886 190
30 5 5
651 881 729 530 517 350 67 634 13 805 29 379 653 771 621 631 597 949 87 243 933 584 1 851 313 825 592 834 606 721
11 1 2
490 336 709 716 474 953 361 717 443 305 892
23 10 4
185 371 49 834 541 440 883 489 70 536 62 617 299 578 618 141 958 944 199 765 503 101 97
29 10 4
148 760 594 337 291 559 667 919 525 58 725 402 962 12 529 68 847 897 401 913 994 816 714 523 996 551 286 825 162
25 5 4
329 204 910 514 525 149 73 973 237 718 476 946 631 20 142 90 249 948 908 83 96 927 858 854 698
17 2 4
981 281 515 382 40 364 48 970 254 323 596 560 341 266 45 391 554
3 9 1
621 827 563
5 6 5
693 656 710 755 856
4 4 5
17 206 352 717
6 7 3
622 830 648 89 742 222
8 4 4
885 30 294 0 521 858 218 133
15 9 3
819 380 874 512 525 472 65 680 936 359 496 871 198 593 767
18 2 2
38 680 864 819 825 442 936 593 281 945 456 561 188 516 406 794 134 923
24 4 5
544 216 805 44 342 863 100 543 740 135 880 365 190 204 672 257 948 879 937 424 291 883 298 870
5 2 3
683 578 928 458 664
9 6 5
726 338 586 716 83 902 728 310 607
25 2 1
4 33 388 314 82 220 460 158 86 907 715 274 472 997 93 489 254 393 365 98 471 600 677 383 823
17 10 1
770 179 358 231 692 716 795 846 299 352 137 239 689 856 956 9 394
22 10 4
801 281 594 898 881 83 842 714 694 427 486 554 771 286 144 943 10 24 244 929 470 63
5 3 4
325 88 222 395 386
6 8 2
695 870 830 156 868 77
14 9 1
881 176 326 4 16 57 906 342 69 836 882 835 746 603
25 4 4
997 436 506 939 158 178 519 609 143 785 137 935 145 120 725 407 738 998 577 762 933 866 85 249 628
5 2 1
227 271 365 340 794
12 2 4
614 234 973 999 615 569 871 110 936 468 585 993
22 9 2
652 218 224 743 106 13 251 696 455 311 184 800 242 726 15 280 307 154 918 208 750 848
23 3 4
968 797 171 857 655 977 627 682 255 981 279 310 119 839 221 461 391 401 491 771 557 381 763
26 7 2
263 610 46 904 873 960 196 622 752 255 80 711 833 554 822 679 258 330 876 553 502 828 434 198 958 863
29 7 2
279 650 224 343 811 197 528 839 979 108 99 579 671 983 845 220 125 780 403 383 30 233 37 95 39 715 471 926 458
22 1 3
466 910 485 293 285 894 860 841 95 403 462 862 548 288 434 600 272 493 452 889 427 119
28 6 1
850 774 652 168 8 846 236 931 790 792 499 118 984 106 397 513 654 73 130 451 510 334 517 500 128 713 233 255
9 3 5
43 135 65 534 254 955 863 28 879
27 2 5
314 46 481 569 906 923 164 342 746 17 948 88 338 764 52 461 40 417 140 876 254 586 867 223 153 437 745
14 1 1
899 400 401 243 542 713 119 333 240 712 603 361 209 58
22 3 3
171 568 224 41 759 346 552 57 232 371 588 386 910 899 800 439 697 160 894 775 145 155
13 9 2
242 291 809 802 526 508 357 977 577 108 375 336 56
9 3 4
305 165 11 983 361 377 286 889 41
16 6 4
432 11 306 974 995 74 89 401 244 224 910 120 465 371 19 591
21 5 4
1 319 772 314 860 551 150 160 245 706 592 843 238 247 28 838 416 395 327 174 384
20 5 1
331 802 83 336 383 864 792 840 688 304 324 674 661 2 185 464 924 263 102 930
7 3 3
684 317 941 931 195 723 243
11 4 4
349 88 618 8 620 535 133 311 203 735 930
11 8 2
297 450 251 816 451 510 250 946 372 257 265
5 1 4
587 527 38 842 673
28 3 5
310 657 689 584 648 165 316 837 843 347 799 404 922 659 926 136 656 440 396 65 862 360 933 240 943 299 80 257
10 5 5
742 920 169 939 670 274 181 909 176 475
7 1 2
130 794 889 801 996 353 44
24 3 2
728 57 338 537 216 508 894 668 957 595 854 409 813 212 456 142 866 689 570 600 236 775 318 731
5 8 5
497 997 152 239 188
28 2 1
464 604 905 296 5 906 902 477 608 502 843 815 276 901 25 573 225 472 17 223 983 995 484 412 856 998 31 118
26 6 4
386 585 628 597 450 314 681 230 127 640 417 826 157 900 975 525 941 899 273 533 48 743 209 861 95 779
18 1 1
730 379 591 508 624 115 84 913 693 252 159 284 355 598 317 965 426 708
8 10 3
513 11 328 85 747 19 174 15
9 10 2
117 950 516 100 949 737 613 389 169
7 10 3
753 212 728 823 890 318 492
14 4 4
318 251 985 406 753 393 389 942 128 501 863 298 810 268
8 9 4
898 546 384 371 832 604 486 786
4 6 3
560 44 671 140
31 10 4
778 826 212 79 388 410 772 786 535 832 412 457 624 62 822 3 104 420 323 509 718 567 700 472 802 243 874 198 684 660 538
8 9 2
814 704 56 656 752 750 644 172
17 3 4
887 836 473 450 678 922 316 560 5 948 197 100 410 226 480 110 981
4 8 2
911 497 38 267
18 9 1
62 503 549 674 531 638 562 727 361 209 461 754 601 69 400 992 868 75
18 1 4
948 999 768 257 613 411 34 946 368 940 811 137 188 69 576 134 50 614
6 9 2
905 807 812 858 921 98
18 5 5
106 38 834 489 969 632 410 547 226 498 462 915 296 222 427 189 676 839
17 10 1
298 428 944 891 408 632 209 218 602 135 252 847 926 180 940 968 444
4 10 5
895 130 294 236
28 3 2
233 686 832 779 285 949 580 703 871 326 423 113 982 21 499 137 789 757 379 525 966 523 617 309 432 990 5 182
3 5 2
802 851 306
12 9 4
593 484 230 846 615 125 314 555 68 803 27 968
28 7 3
782 599 578 244 639 837 645 714 791 137 106 920 328 570 486 477 476 143 294 741 16 611 666 624 281 516 140 983
4 4 3
608 489 428 133
12 4 4
702 367 67 132 35 228 82 912 925 584 427 241
3 1 3
264 388 287
3 4 2
590 501 647
4 7 4
800 643 653 220
22 9 1
533 367 431 126 277 291 294 681 860 357 165 30 641 488 308 811 977 648 976 651 111 245
13 8 4
534 968 1 260 669 776 421 209 101 193 412 165 410
30 1 5
808 563 676 837 552 995 627 955 158 965 50 550 559 328 84 785 71 926 580 609 834 814 325 697 416 724 918 293 477 929
13 5 2
559 634 141 132 858 753 232 311 511 873 752 20 772
18 5 5
694 666 472 729 388 849 824 215 405 986 393 917 505 441 292 160 575 922
29 3 1
179 353 956 230 420 289 297 648 82 537 668 292 562 927 440 877 306 830 614 986 152 539 272 507 631 678 162 83 839
15 4 1
508 76 61 986 204 0 546 169 553 702 964 539 880 668 998
7 5 1
396 209 863 366 433 884 400
18 5 3
928 613 393 639 480 265 705 668 693 840 509 635 366 460 662 215 503 251
13 10 3
876 272 418 331 724 871 523 615 828 813 858 348 786
21 4 3
8 464 817 829 200 130 104 714 69 855 569 782 853 352 420 946 296 611 708 711 263
26 7 5
352 978 378 264 827 318 387 189 680 467 506 259 847 330 589 693 200 544 187 117 438 301 708 640 369 656
26 6 2
337 514 394 153 617 813 435 250 955 89 27 972 316 629 763 954 386 429 931 369 864 373 885 204 849 276
20 5 5
11 612 309 58 907 185 509 524 836 743 989 566 809 664 434 657 357 202 22 981
20 6 1
237 341 216 621 698 748 648 309 337 735 38 591 437 866 219 25 512 635 277 691
5 10 5
551 508 667 137 694
16 5 4
606 408 29 269 395 750 441 892 756 789 409 107 120 491 478 511
16 6 3
18 786 234 43 662 903 579 333 425 370 64 81 122 77 590 260
7 6 2
396 858 313 144 300 738 801
26 7 5
136 772 233 219 349 221 691 682 579 267 402 62 44 467 771 742 147 581 967 29 76 274 802 41 655 649